	Mahou	Cruzcampo	Heineken	Estrella	San-Miguel	Carlsberg	Coronita	Amstel	Bud	Voll-Damm
A3_P3_1	8	1	8	8	8	8	8	8	8	8
A1_P2_2	10	1	8	8	1	1	8	1	1	1
A4_P7_3	9	1	1	9	1	1	1	1	1	10
A6_P3_4	6	1	4	6	10	1	1	6	1	6
A3_P3_5	9	1	8	7	7	8	4	7	1	6
A4_P3_6	7	1	7	1	9	1	1	1	9	1
A5_P2_7	8	1	6	1	1	6	1	1	1	1
A1_P7_8	10	10	7	10	8	7	8	9	7	7
A3_P9_9	1	10	1	1	1	1	1	1	1	1
A5_P8_10	1	1	1	5	1	5	1	2	1	10
A1_P7_11	7	7	6	7	7	5	6	7	5	6
A2_P9_12	9	9	4	7	10	4	6	7	6	3
A1_P2_13	9	1	6	1	1	4	3	1	1	1
A4_P2_14	9	1	1	1	1	1	9	6	6	1
A4_P2_15	7	1	1	1	1	1	7	1	1	1
A1_P8_16	7	7	8	7	6	7	6	7	6	7
A3_P9_17	4	10	8	8	6	1	1	8	7	1
A6_P4_18	6	6	8	1	6	8	8	6	7	5
A2_P6_19	7	8	10	7	7	4	1	8	1	7
A2_P1_20	6	5	9	6	10	10	10	10	8	9
A4_P6_21	8	8	9	8	8	9	9	5	4	4
A4_P2_22	9	1	7	1	7	1	8	8	1	1
A2_P8_23	9	6	9	1	5	9	1	7	1	7
A3_P9_24	7	9	6	6	7	6	9	7	3	3
A3_P3_25	8	1	1	7	10	9	1	8	1	1
A1_P3_26	4	4	7	9	9	6	4	7	5	5
A1_P4_27	8	8	10	10	7	8	10	8	10	5
A1_P5_28	5	1	8	6	1	3	6	9	3	7
A5_P3_29	7	6	9	6	10	9	1	7	10	5
A1_P9_30	7	8	6	7	9	1	10	1	1	5
A1_P2_31	9	1	10	1	1	1	10	1	1	1
A5_P3_32	10	5	1	1	10	1	2	2	1	1
A4_P6_33	10	7	8	6	7	1	1	1	1	1
A1_P5_34	1	1	1	10	1	1	10	1	10	10
A2_P6_35	10	7	6	1	5	1	1	10	1	1
A5_P8_36	7	8	7	8	7	8	8	8	7	8
A3_P9_37	1	10	1	1	8	1	1	1	1	1
A4_P8_38	10	8	8	8	1	8	9	7	1	10
A3_P2_39	7	5	9	1	1	1	7	1	9	1
A2_P3_40	9	8	9	8	9	8	8	7	8	7
A4_P2_41	10	1	8	1	1	1	1	1	8	1
A1_P5_42	1	1	1	9	1	1	1	1	1	1
A5_P3_43	4	3	3	4	6	4	4	5	5	5
A5_P6_44	6	4	7	6	7	7	7	4	1	1
A3_P7_45	8	1	1	6	7	9	1	1	1	10
A1_P5_46	2	2	8	8	10	3	9	2	7	10
A4_P2_47	6	6	6	1	1	1	6	1	1	1
A3_P4_48	8	6	9	6	7	10	10	7	10	10
A2_P6_49	10	3	5	1	1	1	1	10	1	1
A6_P3_50	8	1	8	1	10	5	7	1	1	4
A2_P2_51	9	1	7	8	1	5	8	10	5	5
A4_P9_52	8	8	1	1	1	1	1	1	1	1
A1_P5_53	6	5	7	10	10	1	10	1	3	6
A4_P4_54	5	5	5	1	1	5	4	4	5	1
A5_P3_55	10	1	2	1	7	1	1	1	1	1
A5_P5_56	8	5	7	8	6	8	10	9	9	10
A5_P8_57	1	1	10	5	1	9	1	1	1	8
A5_P8_58	5	8	9	4	4	8	6	5	3	5
A4_P7_59	9	6	3	3	8	4	3	4	2	5
A2_P6_60	7	7	9	6	8	9	1	6	5	5
A5_P2_61	9	8	6	1	1	1	7	1	1	1
A2_P2_62	8	1	9	1	2	3	9	1	5	2
A1_P5_63	1	1	1	4	2	1	9	1	5	10
A4_P7_64	10	1	1	9	1	5	1	1	4	7
A3_P6_65	8	7	9	6	9	8	6	6	1	6
A5_P1_66	5	5	8	5	5	8	9	7	5	5
A1_P7_67	10	10	1	10	1	1	1	1	1	1
A3_P4_68	6	10	10	6	6	10	10	10	10	10
A6_P9_69	2	8	8	2	8	2	2	2	2	2
A1_P5_70	1	1	10	10	7	1	1	1	1	9
A4_P3_71	10	1	8	1	6	1	1	7	1	1
A3_P9_72	1	10	9	4	6	7	8	5	1	3
A1_P1_73	2	1	10	8	8	9	6	5	1	2
A5_P1_74	1	1	7	1	5	1	8	1	1	1
A5_P3_75	10	1	10	4	7	4	2	6	8	9
A6_P1_76	1	1	10	1	1	1	8	1	6	1
A3_P6_77	10	10	10	1	3	7	2	10	3	4
A4_P3_78	10	1	1	1	10	1	1	1	1	1
A2_P4_79	6	6	8	6	7	6	6	6	8	6
A5_P3_80	1	1	1	1	10	1	1	1	1	1
A4_P7_81	10	8	1	9	9	10	1	10	6	10
A3_P6_82	7	7	1	1	9	1	1	7	1	1
A3_P1_83	1	1	4	1	7	4	5	1	6	1
A3_P2_84	9	1	9	1	9	9	8	1	1	6
A4_P2_85	9	4	9	1	1	6	7	1	1	1
A3_P9_86	6	10	4	1	1	1	1	1	1	1
A3_P4_87	1	9	8	1	1	7	1	1	1	1
A3_P9_88	1	10	10	1	5	1	8	1	1	1
A3_P9_89	1	10	1	1	1	1	1	1	1	1
A1_P3_90	1	1	9	4	10	6	1	1	2	1
A1_P5_91	1	1	1	8	1	1	1	1	1	10
A1_P7_92	10	1	1	10	1	1	1	9	1	1
A6_P3_93	1	1	8	4	9	4	1	6	5	7
A1_P5_94	1	1	1	9	1	1	7	1	1	1
A3_P7_95	9	8	9	8	8	8	1	9	1	9
A3_P4_96	1	1	10	1	1	1	1	1	10	1
A1_P3_97	1	1	5	1	10	1	5	1	1	5
A5_P5_98	7	7	7	7	7	7	7	1	7	7
A1_P5_99	1	1	1	9	9	1	1	1	1	8
A2_P9_100	7	7	8	7	8	4	8	8	8	3
A1_P5_101	6	10	10	10	10	6	9	8	10	10
A4_P2_102	9	1	10	1	1	1	10	8	10	1
A5_P1_103	1	1	1	1	1	1	10	1	10	10
A3_P4_104	1	10	10	1	1	10	1	1	10	1
A2_P9_105	1	5	6	3	7	3	5	5	2	1
A4_P2_106	8	1	1	1	1	1	9	1	1	1
A2_P4_107	1	1	10	1	1	1	1	10	1	1
A4_P7_108	8	1	1	10	10	1	1	7	1	10
A1_P1_109	3	1	10	1	1	5	10	1	5	10
A2_P6_110	6	7	10	6	6	7	6	7	5	5
A1_P4_111	5	10	10	10	1	10	10	1	10	1
A4_P8_112	7	4	7	5	5	5	5	1	1	10
A1_P1_113	7	7	10	6	8	8	9	5	7	8
A3_P9_114	1	10	8	1	1	1	8	1	8	1
A1_P5_115	1	1	8	7	7	1	8	1	1	6
A1_P5_116	1	3	6	8	1	1	7	1	5	1
A1_P6_117	8	8	8	5	10	8	8	5	6	3
A3_P8_118	1	10	9	1	1	9	9	1	1	9
A6_P1_119	5	5	5	5	8	5	10	5	5	5
A3_P4_120	1	10	10	1	1	10	1	1	1	1
A4_P4_121	1	1	10	1	1	10	1	1	10	1
A1_P2_122	5	1	3	1	5	5	5	5	5	3
A4_P6_123	10	10	10	10	8	9	8	5	4	6
A4_P2_124	7	1	9	1	1	5	6	1	1	1
A1_P4_125	8	7	6	6	5	8	7	7	9	6
A1_P5_126	1	1	1	10	9	1	9	1	9	1
A2_P3_127	10	7	10	7	10	7	1	9	8	10
A4_P6_128	7	7	8	1	8	8	1	1	1	1
A3_P7_129	8	10	1	1	8	1	1	1	1	10
A6_P3_130	7	1	5	1	10	1	1	1	1	1
A1_P5_131	1	1	1	10	1	1	1	1	1	10
A5_P7_132	8	6	5	7	9	5	7	4	7	9
A2_P9_133	5	9	5	7	5	5	5	10	6	5
A1_P6_134	1	9	8	9	1	8	1	1	1	1
A4_P3_135	9	1	1	1	6	7	1	1	1	5
A4_P9_136	7	9	1	1	9	1	10	5	1	1
A5_P3_137	1	1	7	1	6	1	1	1	1	1
A1_P5_138	7	6	8	8	8	7	8	6	8	8
A6_P3_139	1	1	9	1	5	1	1	1	1	1
A2_P7_140	9	7	8	8	7	9	5	8	8	9
A4_P3_141	10	4	10	4	6	5	3	8	5	7
A6_P9_142	5	10	5	5	5	5	5	5	5	5
A3_P7_143	9	1	1	1	8	1	1	1	1	8
A4_P2_144	8	10	9	1	1	1	7	1	6	5
A6_P3_145	5	1	4	1	6	6	1	6	5	5
A2_P3_146	5	1	9	1	7	1	1	1	1	1
A4_P9_147	8	7	1	1	7	1	6	7	1	1
A4_P3_148	10	1	10	1	7	8	1	1	1	3
A2_P1_149	1	1	9	1	1	1	10	9	1	1
A6_P2_150	9	7	9	7	9	7	8	6	9	6
A1_P2_151	9	1	1	1	1	1	1	1	9	1
A5_P6_152	9	9	10	1	9	1	8	9	1	1
A2_P7_153	10	10	8	7	1	1	1	10	1	7
A5_P2_154	8	1	7	1	8	7	6	1	1	1
A3_P6_155	5	10	7	7	5	7	5	7	2	2
A6_P3_156	4	1	6	2	5	1	4	1	1	1
A5_P4_157	5	5	6	5	4	8	6	5	9	7
A2_P2_158	10	4	7	3	6	4	5	5	7	3
A1_P1_159	5	5	7	6	7	7	10	5	5	5
A4_P7_160	10	1	1	6	1	1	1	1	1	8
A2_P6_161	8	1	8	8	8	8	8	8	1	1
A2_P7_162	7	2	2	7	7	10	1	7	10	9
A2_P2_163	9	1	7	1	4	1	5	6	1	1
A6_P3_164	8	3	7	3	10	3	6	3	6	3
A6_P4_165	4	4	7	4	2	5	5	4	8	10
A5_P8_166	9	6	8	8	8	9	9	7	6	9
A1_P3_167	10	1	1	1	10	1	1	1	1	1
A1_P5_168	1	1	1	10	7	1	1	1	1	1
A5_P2_169	8	1	10	1	9	9	8	8	8	1
A2_P2_170	8	6	7	1	9	10	9	1	7	1
A6_P1_171	1	1	9	1	9	1	10	1	10	8
A3_P9_172	1	10	7	1	1	1	9	1	1	1
A5_P8_173	6	7	10	5	3	10	10	4	2	6
A2_P9_174	7	8	7	1	6	1	8	8	6	6
A6_P1_175	3	1	10	3	10	1	10	4	6	9
A4_P2_176	10	5	9	7	6	5	9	5	5	6
A6_P6_177	7	7	10	3	6	1	1	1	1	1
A6_P7_178	10	9	1	10	10	9	5	10	5	6
A3_P9_179	10	10	1	1	1	1	10	1	1	1
A4_P6_180	10	7	10	7	7	10	7	10	1	7
A4_P4_181	8	9	9	7	4	7	5	7	7	6
A5_P6_182	7	1	10	1	7	10	1	1	1	1
A5_P2_183	8	1	8	1	6	1	4	1	1	1
A3_P4_184	1	7	8	1	1	7	6	1	8	1
A3_P6_185	10	7	6	1	7	4	2	7	1	1
A5_P2_186	9	1	1	1	1	1	1	1	7	1
A6_P7_187	9	7	2	3	6	1	1	4	1	5
A6_P6_188	7	10	10	6	7	6	5	6	5	6
A2_P4_189	1	1	10	1	1	1	1	1	1	1
A6_P3_190	6	6	8	5	10	7	3	6	10	5
A1_P4_191	1	1	10	1	1	1	1	1	10	10
A5_P6_192	8	5	9	4	10	8	6	4	1	1
A4_P2_193	10	7	9	5	8	7	9	6	6	2
A3_P8_194	8	7	8	5	5	9	8	6	1	6
A5_P6_195	5	5	5	5	5	5	1	5	1	1
A6_P4_196	4	1	9	1	1	1	4	1	10	4
A4_P2_197	5	1	8	1	1	5	7	1	1	1
A1_P5_198	6	6	9	10	8	1	10	6	8	10
A1_P5_199	1	1	5	7	1	6	1	1	5	8
A4_P2_200	10	1	9	1	2	1	8	6	8	1
A4_P9_201	8	10	9	10	10	9	10	10	10	8
A4_P7_202	10	7	5	5	1	5	1	1	1	10
A6_P4_203	1	1	6	1	1	1	1	1	1	1
A6_P2_204	8	6	5	5	7	4	10	4	10	1
A3_P9_205	1	10	1	1	1	1	1	1	1	1
A1_P5_206	1	1	1	9	1	1	1	1	1	10
A2_P6_207	9	10	10	8	9	1	1	9	10	1
A4_P8_208	10	8	7	1	8	7	1	7	1	9
A3_P6_209	7	3	10	7	7	10	1	1	1	1
A3_P8_210	1	10	9	1	8	10	1	8	1	10
A5_P4_211	8	3	9	9	3	9	3	9	8	7
A1_P4_212	1	1	9	1	1	8	1	1	7	1
A1_P5_213	1	1	8	10	5	1	8	1	1	8
A2_P7_214	10	7	8	1	1	1	1	8	1	7
A1_P9_215	6	8	5	8	9	6	8	5	6	5
A1_P5_216	1	1	1	10	3	1	10	1	1	1
A4_P3_217	7	1	1	1	7	1	1	7	1	1
A2_P4_218	5	1	10	1	1	9	10	1	7	7
A1_P6_219	10	9	4	8	7	1	1	1	1	1
A4_P3_220	8	1	10	1	7	1	1	1	1	1
A6_P3_221	8	1	4	1	10	1	1	1	1	1
A5_P7_222	6	9	1	7	1	7	6	6	5	6
A2_P2_223	10	1	7	1	1	2	6	8	1	1
A3_P6_224	7	7	6	1	1	6	1	5	1	1
A3_P9_225	1	10	1	1	1	6	1	1	7	1
A3_P6_226	5	9	7	3	9	6	1	3	6	3
A3_P4_227	4	10	8	6	3	8	8	5	10	8
A1_P7_228	6	4	1	7	9	1	1	1	1	9
A2_P2_229	8	7	8	1	1	7	8	1	4	1
A4_P6_230	10	10	10	6	10	1	6	8	1	1
A5_P2_231	8	1	10	1	1	1	6	1	5	10
A4_P4_232	7	1	9	1	1	6	1	1	7	7
A4_P8_233	10	1	5	1	1	5	1	1	1	10
A5_P1_234	5	6	5	5	6	9	9	5	9	9
A6_P2_235	8	1	5	1	5	5	8	1	9	1
A4_P4_236	9	8	8	1	1	9	1	1	9	10
A1_P5_237	1	1	10	8	1	1	7	1	1	1
A5_P3_238	8	6	8	6	8	6	6	6	6	8
A6_P9_239	8	8	1	1	9	1	1	1	1	1
A4_P7_240	10	5	1	9	5	1	1	1	1	10
A4_P7_241	10	1	1	4	4	1	10	4	1	10
A2_P4_242	9	7	9	7	7	9	8	8	9	8
A6_P2_243	10	1	6	1	1	1	6	1	1	1
A1_P5_244	6	7	1	10	5	1	7	1	7	7
A4_P7_245	10	1	1	7	7	5	1	4	1	7
A5_P5_246	1	1	7	7	7	1	8	7	1	9
A5_P1_247	1	1	10	1	1	1	10	1	1	1
A6_P2_248	10	1	7	1	1	5	9	1	10	1
A4_P7_249	6	5	2	1	5	2	3	1	8	7
A3_P6_250	9	9	10	8	10	10	6	8	8	7
A2_P6_251	8	6	7	7	1	8	1	10	1	1
A4_P7_252	10	4	4	8	1	3	4	7	3	8
A3_P6_253	8	6	8	1	8	8	1	8	1	1
A4_P7_254	10	10	10	10	4	1	1	1	1	10
A1_P1_255	1	1	10	1	1	1	8	7	1	1
A6_P5_256	1	1	5	8	8	7	6	1	6	8
A1_P5_257	8	3	6	7	10	1	9	1	1	7
A4_P7_258	7	5	4	6	7	1	1	6	1	8
A2_P6_259	7	8	8	6	6	1	1	6	1	1
A5_P1_260	1	1	8	8	8	8	10	1	9	1
A3_P5_261	1	1	1	10	1	1	5	1	1	10
A1_P7_262	9	6	2	6	6	1	1	6	4	1
A2_P7_263	7	7	6	7	6	7	6	7	7	7
A5_P7_264	10	1	1	1	6	1	1	1	1	8
A6_P9_265	1	7	8	1	6	1	1	1	5	1
A1_P5_266	4	4	7	10	7	6	7	1	1	9
A5_P2_267	10	1	8	1	7	1	9	1	1	1
A1_P6_268	8	8	9	4	8	5	6	7	1	1
A5_P6_269	10	6	8	9	10	7	7	5	1	1
A3_P7_270	8	9	4	4	4	1	1	1	4	10
A1_P6_271	7	8	6	1	9	1	1	1	1	1
A1_P8_272	1	5	4	1	1	1	7	1	1	10
A6_P1_273	1	1	8	1	1	8	9	1	7	10
A4_P6_274	10	7	8	1	7	8	4	1	5	1
A3_P9_275	6	10	7	6	7	7	8	7	6	7
A1_P3_276	6	6	6	10	10	6	1	4	4	6
A2_P9_277	8	8	6	7	7	5	8	6	7	6
A3_P8_278	5	5	10	5	10	10	1	5	1	10
A6_P1_279	1	1	9	1	1	1	9	1	1	1
A3_P9_280	3	9	9	3	3	4	5	3	2	2
A1_P7_281	6	6	3	6	6	2	5	4	6	7
A2_P2_282	9	9	9	1	1	1	9	9	1	1
A5_P8_283	8	5	5	8	5	8	10	5	1	10
A6_P8_284	5	1	7	1	1	1	1	1	1	10
A3_P7_285	9	6	8	9	8	1	1	6	1	10
A2_P7_286	7	2	2	8	3	3	2	8	3	10
A6_P1_287	3	3	10	3	9	10	6	4	4	5
A3_P9_288	1	10	1	1	1	1	1	1	1	1
A2_P6_289	7	6	9	7	7	5	4	7	4	5
A4_P7_290	8	3	7	9	5	7	2	5	8	10
A4_P2_291	9	1	1	1	1	1	6	1	6	8
A2_P3_292	8	1	7	8	7	2	4	7	2	1
A6_P1_293	1	3	7	1	10	1	10	1	4	4
A2_P6_294	7	5	10	7	7	8	5	7	6	1
A2_P3_295	10	1	9	5	7	4	6	8	2	1
A5_P8_296	9	8	7	1	1	1	1	1	1	10
A3_P2_297	10	6	10	2	6	8	8	3	3	2
A4_P2_298	7	1	10	1	1	1	10	1	1	1
A1_P5_299	5	9	6	10	7	5	8	8	8	7
A5_P1_300	1	1	5	1	1	1	10	1	8	1
A4_P7_301	9	3	2	1	3	1	1	1	1	9
A4_P2_302	10	1	1	1	1	1	1	1	1	1
A2_P9_303	6	6	7	3	8	5	7	4	3	5
A4_P2_304	8	1	10	1	1	10	10	1	1	1
A5_P2_305	8	1	6	1	4	4	5	1	5	4
A2_P6_306	8	9	8	7	10	4	3	10	3	4
A1_P8_307	6	8	4	7	4	9	3	6	1	8
A6_P6_308	10	9	9	1	9	7	6	8	6	1
A2_P4_309	8	8	10	8	8	8	8	8	10	10
A3_P6_310	6	9	1	8	10	1	1	7	1	1
A2_P5_311	7	1	7	10	7	1	5	1	1	1
A2_P6_312	7	6	8	5	7	6	5	6	5	5
A3_P4_313	5	9	9	6	6	8	7	5	9	9
A5_P2_314	7	3	8	3	3	6	9	3	7	1
A4_P2_315	9	1	10	1	1	1	10	1	8	1
A6_P3_316	7	7	7	7	8	1	4	7	7	6
A5_P2_317	8	1	3	1	2	1	6	1	5	9
A6_P2_318	9	5	5	4	8	5	10	5	7	10
A1_P5_319	1	1	1	10	1	1	1	1	1	6
A5_P1_320	1	1	8	1	1	1	8	1	8	9
A3_P4_321	1	8	1	1	1	8	1	8	8	1
A4_P2_322	8	1	8	1	7	6	5	6	6	1
A2_P6_323	10	5	10	4	1	7	1	4	1	1
A1_P4_324	10	6	10	1	1	6	5	6	9	9
A4_P7_325	10	2	8	3	2	5	1	7	1	5
A4_P6_326	8	9	1	1	10	1	1	7	1	1
A6_P1_327	1	1	7	1	3	1	8	1	1	9
A4_P6_328	10	10	10	7	10	10	7	6	7	6
A1_P5_329	1	1	1	7	10	1	7	1	1	7
A1_P5_330	6	1	4	8	1	4	2	1	1	1
A3_P5_331	1	10	9	10	10	8	9	1	1	10
A3_P4_332	3	10	9	1	1	9	9	1	1	1
A2_P7_333	9	9	1	9	9	5	1	9	9	10
A4_P2_334	10	9	10	8	8	9	9	8	8	8
A1_P9_335	5	5	1	4	6	1	1	1	1	1
A2_P6_336	6	6	7	6	6	5	4	6	4	5
A1_P3_337	10	4	10	10	10	10	10	10	10	10
A3_P6_338	8	9	10	5	10	10	10	3	4	3
A1_P5_339	1	7	10	8	1	1	8	1	1	10
A6_P1_340	1	1	10	1	10	1	9	2	5	1
A2_P5_341	1	1	1	10	1	1	5	1	1	1
A2_P3_342	6	5	5	4	9	5	3	5	1	7
A6_P7_343	7	7	4	7	7	4	1	7	7	6
A1_P6_344	8	6	2	6	9	7	1	8	1	1
A1_P7_345	9	9	8	9	5	6	5	4	5	8
A1_P8_346	1	6	7	10	1	8	1	1	1	9
A4_P4_347	9	7	10	7	6	7	8	8	10	7
A2_P9_348	6	9	8	5	4	1	9	5	9	4
A4_P2_349	10	1	7	1	1	6	1	1	6	6
A1_P6_350	9	10	8	9	9	8	7	10	1	7
A4_P2_351	7	4	8	1	7	1	10	1	1	1
A3_P9_352	1	10	1	1	1	1	1	1	1	1
A4_P2_353	10	1	9	1	1	9	9	1	1	1
A3_P6_354	6	10	8	1	6	1	1	1	1	1
A5_P8_355	10	1	9	1	1	1	1	1	1	9
A2_P8_356	5	7	7	6	7	8	6	6	5	8
A1_P9_357	7	9	7	8	9	5	7	7	5	8
A1_P1_358	1	1	8	1	4	5	6	1	4	1
A6_P3_359	1	1	8	1	8	1	1	1	1	1
A1_P7_360	7	7	1	10	7	1	1	7	1	10
A5_P4_361	5	4	7	7	1	3	1	5	7	2
A4_P6_362	10	7	7	1	7	9	1	8	1	1
A4_P2_363	10	1	10	1	1	9	9	1	9	8
A1_P5_364	4	3	9	8	3	1	7	9	8	8
A3_P9_365	5	8	1	5	8	5	10	3	1	8
A2_P3_366	9	1	1	1	10	1	6	7	1	1
A4_P7_367	7	8	1	8	8	8	7	7	1	10
A1_P6_368	5	5	10	2	10	5	8	5	1	1
A3_P6_369	10	9	9	1	8	9	1	9	7	7
A1_P1_370	1	1	10	1	1	1	9	1	1	1
A3_P9_371	1	7	1	1	8	1	1	1	1	1
A3_P8_372	8	8	7	1	1	8	4	7	3	9
A5_P8_373	1	10	10	1	1	1	1	1	1	8
A1_P5_374	1	1	10	10	5	5	10	1	1	5
A6_P8_375	7	8	7	7	8	7	8	8	4	8
A2_P1_376	6	1	10	8	6	1	8	1	7	1
A2_P8_377	5	4	7	1	1	5	2	6	3	9
A3_P7_378	7	6	1	5	1	1	1	6	1	8
A4_P8_379	10	8	7	1	8	7	1	1	1	10
A1_P5_380	8	8	9	10	5	5	9	6	8	7
A2_P7_381	10	4	1	7	1	8	1	10	6	5
A1_P7_382	10	1	1	7	1	1	1	1	1	9
A6_P1_383	1	1	10	1	10	10	10	1	10	10
A6_P9_384	1	8	1	2	3	1	7	4	7	5
A2_P5_385	1	1	1	3	1	1	1	1	1	3
A1_P5_386	1	1	5	7	1	1	1	1	5	10
A1_P6_387	6	7	7	1	7	6	6	7	1	1
A4_P4_388	6	4	10	5	5	6	9	8	9	4
A1_P5_389	1	1	5	10	1	1	5	1	1	10
A5_P3_390	1	1	1	1	7	1	1	1	6	1
A4_P2_391	9	9	8	4	1	6	9	5	8	1
A4_P2_392	6	1	7	1	1	1	9	1	7	1
A6_P8_393	1	5	3	1	6	1	5	1	1	9
A2_P4_394	8	5	10	5	7	8	8	10	7	8
A5_P8_395	4	1	8	5	3	8	1	5	1	8
A2_P1_396	3	3	6	3	3	3	6	3	6	6
A4_P6_397	10	8	6	7	8	1	1	2	1	1
A6_P1_398	1	4	1	1	1	1	10	1	10	8
A1_P5_399	1	1	8	10	1	1	8	1	1	10
A6_P5_400	1	1	4	6	3	4	1	1	1	1
A6_P6_401	6	6	10	6	1	1	1	1	1	1
A3_P4_402	5	9	10	5	5	9	8	5	8	8
A3_P7_403	8	8	8	8	8	8	5	8	6	8
A1_P3_404	1	1	1	1	5	1	1	1	5	1
A3_P8_405	9	10	1	1	1	9	1	1	1	6
A1_P7_406	9	7	7	10	7	7	4	7	8	10
A3_P7_407	6	7	8	9	1	1	1	5	1	10
A1_P2_408	6	6	6	6	1	6	8	5	5	1
A2_P4_409	6	5	9	7	6	8	6	7	6	7
A1_P5_410	1	1	1	10	1	1	9	1	1	8
A2_P1_411	1	5	9	1	7	5	8	1	10	1
A4_P6_412	10	7	8	5	8	6	5	8	5	5
A2_P8_413	1	1	10	1	1	7	1	1	1	9
A4_P8_414	10	1	7	1	1	9	1	1	1	8
A5_P6_415	7	7	8	10	1	4	7	7	1	1
A2_P7_416	8	9	5	9	9	5	1	9	2	8
A3_P9_417	1	9	8	1	8	1	1	1	1	1
A6_P9_418	5	5	5	5	10	5	10	5	1	1
A1_P3_419	1	1	9	8	10	1	1	1	1	1
A5_P2_420	9	5	5	1	1	1	9	1	9	1
A2_P7_421	10	1	1	9	1	1	1	1	8	10
A4_P6_422	9	7	7	1	1	1	1	1	1	1
A1_P5_423	1	1	5	7	1	1	5	1	1	8
A4_P1_424	1	1	10	1	10	1	7	1	1	9
A2_P2_425	10	1	9	1	10	10	6	1	10	1
A3_P8_426	4	7	6	8	9	5	3	4	3	10
A4_P6_427	10	10	6	3	10	8	1	8	3	6
A4_P6_428	6	6	8	9	10	10	6	7	2	2
A5_P9_429	7	8	6	8	1	1	7	1	6	1
A4_P7_430	8	7	1	1	7	1	1	1	9	8
A5_P1_431	6	6	10	6	10	5	10	5	5	4
A6_P4_432	4	4	10	4	3	6	9	4	9	7
A3_P6_433	9	10	1	6	7	1	1	8	1	1
A3_P9_434	7	10	6	1	8	5	6	1	1	1
A5_P6_435	10	10	9	10	10	9	4	10	6	5
A6_P1_436	1	1	6	1	8	7	4	1	9	9
A1_P5_437	6	1	6	9	9	1	9	1	6	1
A1_P5_438	1	1	7	9	6	1	3	1	9	9
A6_P3_439	8	1	9	3	8	7	3	5	5	7
A3_P9_440	8	10	10	5	8	5	9	5	10	5
A3_P6_441	6	6	6	6	6	6	6	1	1	1
A5_P1_442	1	1	1	1	10	1	8	1	1	1
A2_P6_443	6	8	10	5	1	1	1	10	2	2
A4_P6_444	10	1	8	6	8	7	5	8	1	1
A4_P2_445	5	1	1	1	1	1	6	1	1	1
A1_P5_446	3	7	7	8	6	5	8	3	9	10
A4_P6_447	10	8	8	1	1	9	1	1	1	1
A4_P6_448	9	6	6	5	8	7	1	4	6	1
A6_P4_449	6	1	6	1	1	6	7	6	8	8
A4_P6_450	10	6	4	1	8	1	1	10	1	1
A5_P8_451	7	1	1	1	1	9	1	1	1	10
A1_P5_452	8	1	8	10	1	1	3	1	7	9
A2_P7_453	8	8	10	10	9	10	3	9	6	10
A2_P2_454	7	2	7	2	6	8	10	3	6	2
A4_P7_455	10	4	1	1	1	1	1	7	1	1
A4_P2_456	10	9	8	2	2	8	9	2	2	7
A4_P2_457	5	1	9	1	1	4	10	1	3	1
A2_P6_458	10	10	10	10	10	10	5	10	5	5
A4_P6_459	10	6	7	1	6	1	1	3	1	1
A4_P3_460	10	1	8	1	5	1	1	5	1	1
A4_P2_461	9	1	9	1	1	5	6	6	6	1
A3_P4_462	1	9	8	1	1	5	10	3	8	7
A2_P4_463	9	1	9	1	1	9	1	1	4	6
A6_P6_464	7	6	5	9	6	5	1	7	1	1
A4_P2_465	9	1	6	1	9	6	9	1	1	1
A1_P5_466	1	1	1	8	1	1	4	1	1	10
A2_P6_467	7	10	8	1	8	7	1	1	1	1
A4_P9_468	8	8	1	8	9	7	9	8	6	6
A6_P1_469	7	7	9	7	8	8	9	7	7	8
A1_P5_470	4	1	3	10	6	4	3	1	5	5
A4_P3_471	10	1	10	1	10	1	1	10	1	10
A1_P5_472	1	1	4	8	7	3	7	1	2	10
A4_P9_473	10	10	1	1	10	1	1	1	1	1
A3_P6_474	7	10	8	5	10	9	1	5	1	6
A1_P4_475	1	1	5	1	1	10	8	5	1	3
A1_P4_476	5	10	10	9	3	10	10	5	10	1
A2_P3_477	6	1	6	6	7	6	1	7	1	6
A4_P2_478	10	1	6	1	1	1	10	1	1	1
A4_P7_479	3	1	1	9	8	1	1	10	1	5
A5_P2_480	10	4	9	5	2	3	10	10	1	1
A6_P3_481	4	4	10	1	10	1	1	1	7	7
A6_P3_482	10	1	1	1	10	1	1	1	1	1
A2_P6_483	8	4	1	4	8	9	2	7	4	1
A1_P8_484	4	4	1	4	4	6	8	1	1	8
A2_P6_485	6	6	9	5	6	4	4	7	5	5
A1_P7_486	9	3	3	1	1	1	1	3	1	7
A2_P9_487	8	10	10	6	10	8	9	7	7	6
A1_P3_488	5	7	5	5	10	3	1	5	10	5
A2_P6_489	6	9	8	6	5	5	4	7	3	3
A5_P8_490	7	8	7	5	8	7	1	7	1	9
A3_P8_491	1	9	1	1	7	1	1	1	1	10
A1_P5_492	1	1	1	9	1	6	10	1	1	4
A5_P4_493	1	8	8	5	1	7	7	1	6	10
A2_P8_494	1	10	10	1	3	8	6	5	1	10
A3_P8_495	5	8	8	5	7	9	1	5	1	8
A6_P1_496	1	5	9	1	10	9	6	4	3	1
A6_P3_497	10	1	10	5	9	8	7	3	6	10
A5_P4_498	5	1	5	5	1	5	1	5	5	1
A4_P8_499	10	10	10	10	10	10	10	10	1	10
A6_P1_500	4	6	10	5	6	1	10	8	10	1
A4_P8_501	9	9	9	7	1	5	9	7	4	8
A4_P2_502	10	3	7	1	1	1	1	1	1	1
A3_P7_503	7	7	1	8	9	7	8	7	7	8
A4_P2_504	9	1	9	1	1	5	6	1	1	1
A4_P8_505	10	5	8	5	5	5	5	5	5	10
A1_P8_506	5	5	5	5	5	5	5	5	1	5
A4_P2_507	10	8	10	8	5	10	10	1	2	1
A6_P3_508	1	1	10	1	9	1	1	1	1	1
A4_P2_509	6	5	8	5	5	8	8	5	5	1
A1_P5_510	1	1	6	9	1	1	4	1	1	10
A1_P8_511	1	1	1	1	1	6	1	6	1	10
A2_P3_512	7	1	3	8	10	4	1	9	5	2
A6_P9_513	7	10	10	3	10	4	10	6	6	8
A4_P2_514	10	8	8	6	8	8	8	7	8	6
A4_P7_515	10	5	7	9	5	8	10	10	7	10
A1_P5_516	8	1	9	10	1	1	7	1	1	1
A1_P1_517	1	1	2	1	4	3	5	1	1	1
A4_P6_518	10	3	7	4	4	5	3	6	1	1
A3_P2_519	8	6	1	4	6	10	8	1	8	7
A1_P1_520	1	1	7	10	10	7	8	1	10	1
A4_P7_521	9	10	8	10	9	8	7	9	7	10
A1_P9_522	1	10	8	10	8	4	9	1	1	1
A4_P2_523	9	5	7	1	1	5	6	1	2	1
A1_P9_524	6	8	8	8	8	8	8	8	8	5
A1_P3_525	7	7	6	7	10	5	3	7	7	7
A1_P4_526	6	5	9	7	4	8	10	5	9	8
A2_P4_527	1	5	9	1	1	5	10	10	6	1
A6_P3_528	5	6	9	5	8	5	5	5	5	5
A4_P2_529	9	1	3	1	5	1	10	1	1	9
A1_P5_530	1	1	9	10	6	1	5	5	1	1
A4_P2_531	8	1	8	1	1	1	9	1	8	1
A6_P1_532	5	1	10	6	10	10	8	1	7	1
A1_P7_533	6	5	6	6	6	6	1	6	6	6
A1_P5_534	1	7	1	10	7	1	5	7	1	10
A4_P2_535	10	1	6	1	5	3	3	1	1	1
A1_P8_536	1	1	1	1	1	1	1	1	1	6
A3_P9_537	1	10	7	1	1	7	8	1	1	5
A4_P2_538	10	1	10	1	1	1	10	1	1	1
A4_P6_539	5	5	6	6	7	5	1	5	1	5
A1_P5_540	1	1	10	10	6	5	10	1	8	6
A1_P1_541	2	5	10	6	8	8	10	9	2	2
A2_P6_542	6	6	5	6	6	4	1	6	1	1
A4_P6_543	6	9	8	2	10	5	4	7	1	3
A4_P2_544	10	1	7	1	1	5	1	1	7	3
A4_P7_545	10	7	1	7	1	1	6	1	6	7
A4_P7_546	9	4	1	7	1	1	3	2	3	10
A1_P1_547	1	1	7	3	1	1	10	1	10	8
A1_P5_548	7	6	8	8	5	5	8	5	10	10
A3_P9_549	7	10	5	5	7	4	10	6	3	2
A1_P7_550	5	1	1	8	8	1	1	1	1	8
A2_P6_551	9	5	3	8	9	3	1	9	1	1
A2_P1_552	4	1	8	1	1	1	10	1	10	1
A4_P2_553	10	1	5	1	1	7	8	1	8	1
A1_P5_554	1	1	1	10	1	1	10	1	1	1
A1_P5_555	5	5	7	7	5	5	7	5	6	6
A6_P5_556	1	1	8	7	1	4	4	1	1	8
A1_P5_557	4	3	10	10	1	3	4	4	3	10
A4_P2_558	8	4	5	1	1	5	6	1	5	5
A4_P2_559	6	6	8	1	6	1	6	1	5	1
A1_P1_560	1	1	7	1	6	6	7	1	7	7
A4_P7_561	10	1	7	6	4	6	1	4	1	5
A1_P7_562	8	1	8	9	1	1	1	1	1	9
A1_P1_563	1	1	10	1	1	1	10	1	8	1
A3_P1_564	5	1	10	5	10	10	10	5	5	1
A2_P1_565	1	1	9	1	5	9	7	1	1	1
A4_P2_566	4	1	1	1	1	4	4	1	1	1
A1_P7_567	9	1	8	10	1	1	1	1	1	7
A3_P2_568	10	5	9	1	1	7	10	1	5	5
A2_P8_569	1	1	10	1	1	1	1	1	1	10
A1_P5_570	1	1	8	9	4	5	7	1	1	7
A4_P3_571	6	1	7	1	10	1	8	1	1	1
A4_P7_572	2	4	1	3	1	1	1	1	3	3
A2_P2_573	5	5	5	1	1	1	5	1	1	1
A3_P3_574	7	6	8	1	8	7	5	8	5	6
A4_P3_575	10	5	9	8	8	9	4	8	9	8
A3_P9_576	1	9	3	1	6	1	7	1	1	1
A2_P3_577	8	1	1	6	10	3	1	9	1	2
A1_P5_578	6	1	5	7	8	1	10	1	8	9
A5_P1_579	7	6	10	5	8	9	9	6	9	8
A3_P1_580	1	7	10	1	2	2	10	5	7	1
A4_P9_581	8	8	1	1	7	7	10	7	1	1
A5_P9_582	1	7	1	1	1	8	1	1	1	1
A4_P2_583	8	8	1	1	1	8	9	1	1	1
A4_P4_584	8	6	10	1	1	10	10	1	8	8
A1_P4_585	5	6	9	5	3	5	9	6	8	2
A4_P2_586	8	1	9	1	9	9	8	1	6	1
A1_P4_587	1	1	10	4	3	10	1	6	8	10
A4_P8_588	10	5	5	5	6	5	10	6	2	10
A3_P6_589	10	10	5	10	10	5	1	10	1	1
A4_P6_590	10	9	6	5	9	9	3	8	5	3
A4_P7_591	9	1	1	1	4	1	1	1	3	8
A3_P6_592	9	9	9	2	9	9	9	3	1	1
A1_P5_593	1	1	1	8	1	7	9	1	1	1
A1_P9_594	6	8	1	6	10	1	8	1	1	9
A4_P6_595	10	9	8	1	9	1	8	8	1	1
A1_P5_596	1	1	7	8	8	1	7	1	1	9
A1_P5_597	3	1	1	10	1	1	4	1	1	4
A4_P7_598	10	1	1	1	7	1	3	7	7	8
A4_P2_599	9	6	10	3	4	2	8	7	1	5
A1_P7_600	10	8	6	10	10	4	1	3	1	7
A4_P4_601	10	7	8	1	1	10	1	3	9	9
A4_P2_602	9	1	6	1	1	1	6	1	1	1
A1_P9_603	6	10	5	10	10	7	10	1	5	6
A1_P5_604	1	9	8	10	1	1	9	1	8	8
A1_P7_605	8	7	6	9	7	6	6	7	3	7
A3_P9_606	5	10	8	4	4	6	6	3	5	1
A1_P5_607	1	1	9	6	1	1	1	1	1	2
A4_P9_608	1	10	7	7	1	6	9	8	1	1
A4_P4_609	4	1	8	9	1	8	1	7	8	6
A1_P5_610	1	1	10	10	1	1	10	1	1	10
A4_P2_611	10	1	10	1	1	1	1	1	1	1
A1_P5_612	1	1	8	9	1	1	1	1	1	6
A3_P9_613	8	10	1	1	1	1	7	1	1	1
A1_P7_614	10	5	5	10	10	4	5	10	1	5
A3_P9_615	1	10	1	1	1	6	8	1	1	1
A5_P2_616	10	1	1	1	1	1	10	10	10	10
A4_P4_617	7	1	8	1	1	9	1	1	1	1
A4_P4_618	5	1	8	1	1	5	3	1	5	1
A1_P8_619	1	1	1	1	5	1	7	9	1	8
A2_P1_620	1	1	5	1	1	1	10	1	1	5
A1_P1_621	1	1	1	1	1	1	7	1	8	10
A4_P2_622	10	4	10	3	5	5	8	6	6	2
A1_P5_623	1	8	1	9	9	1	9	1	1	9
A4_P8_624	8	1	8	1	3	8	3	4	1	8
A3_P1_625	5	4	10	5	10	9	10	5	7	6
A1_P5_626	5	5	7	10	9	7	6	7	5	10
A4_P2_627	7	1	9	1	1	1	10	1	8	1
A4_P2_628	8	1	5	1	1	1	3	1	4	1
A3_P8_629	1	10	7	1	1	7	2	1	1	8
A4_P2_630	8	5	8	5	6	5	8	6	8	8
A4_P1_631	6	6	7	6	6	6	7	6	7	7
A3_P6_632	7	10	9	1	1	1	1	1	1	1
A4_P2_633	10	1	7	1	1	9	1	1	1	1
A4_P7_634	8	1	1	1	1	1	1	1	1	10
A4_P7_635	10	10	7	8	7	9	1	1	7	9
A1_P7_636	10	10	5	10	10	5	5	5	1	8
A4_P7_637	9	7	1	1	1	1	6	1	1	8
A3_P4_638	8	8	10	8	8	10	8	8	8	8
A4_P4_639	9	1	9	5	1	8	6	7	8	6
A3_P5_640	9	1	9	7	1	1	8	9	8	9
A2_P2_641	10	5	10	5	9	5	10	9	10	5
A3_P9_642	1	8	6	1	1	1	6	1	1	1
A4_P6_643	9	9	10	1	1	8	1	1	1	1
A3_P9_644	1	10	9	1	1	1	10	1	1	1
A4_P4_645	9	1	10	1	1	1	1	1	10	1
A3_P9_646	9	10	9	1	9	1	10	1	1	1
A2_P4_647	5	5	10	5	5	10	9	5	8	8
A2_P1_648	1	2	5	1	6	3	8	1	10	4
A1_P7_649	10	9	7	10	10	7	6	10	7	10
A4_P2_650	10	1	10	1	7	8	8	9	6	8
A3_P7_651	10	1	1	10	7	1	1	1	1	1
A4_P2_652	10	8	5	1	1	1	8	1	1	1
A1_P4_653	1	1	10	1	1	10	10	1	10	1
A2_P6_654	8	10	10	9	7	10	5	9	6	5
A4_P2_655	9	8	7	1	2	1	9	2	1	1
A4_P6_656	8	7	6	7	7	6	4	7	6	1
A5_P2_657	9	5	10	7	10	10	10	5	5	5
A2_P8_658	1	1	9	1	1	1	1	9	1	9
A4_P4_659	10	10	10	5	5	10	10	10	10	5
A4_P7_660	10	1	1	1	1	1	1	6	1	1
A4_P3_661	3	1	3	1	8	1	1	1	1	1
A3_P3_662	9	4	6	5	6	1	2	1	6	1
A1_P5_663	1	1	7	7	1	1	4	1	6	6
A1_P5_664	5	5	8	8	5	6	7	5	5	8
A1_P5_665	1	1	1	8	1	1	1	1	1	10
A1_P9_666	1	8	1	1	1	3	5	1	5	1
A4_P7_667	9	5	5	6	8	2	1	8	1	10
A1_P6_668	7	9	7	8	8	7	1	8	1	1
A2_P6_669	7	6	8	4	8	4	1	8	1	1
A1_P1_670	4	6	8	6	7	7	8	3	8	6
A6_P9_671	7	10	10	7	1	1	10	1	1	1
A3_P6_672	10	10	8	4	10	8	2	8	2	2
A1_P5_673	3	4	8	9	2	7	6	1	5	10
A3_P9_674	7	8	5	1	6	4	4	1	1	5
A4_P3_675	10	1	6	1	8	8	1	1	7	1
A1_P5_676	1	1	10	10	1	1	1	1	10	1
A3_P3_677	8	1	1	1	10	1	1	8	1	1
A1_P5_678	2	2	10	9	8	2	2	2	10	10
A1_P7_679	5	5	4	9	5	1	1	1	1	10
A4_P2_680	9	8	7	6	6	7	6	6	9	6
A1_P5_681	1	1	4	10	7	3	6	4	9	10
A1_P5_682	1	1	1	10	1	10	1	1	1	1
A2_P3_683	3	1	5	1	6	3	4	2	1	2
A2_P7_684	10	7	6	1	1	1	1	9	1	8
A4_P4_685	6	1	7	1	1	5	7	1	10	1
A4_P7_686	10	1	1	1	1	1	1	1	7	7
A3_P4_687	1	1	10	1	1	1	1	1	1	1
A1_P2_688	7	6	7	6	6	4	8	1	1	1
A3_P9_689	8	10	1	1	10	1	1	2	1	1
A1_P5_690	8	7	10	10	10	6	10	8	7	10
A1_P5_691	5	3	5	7	4	3	7	1	7	8
A3_P9_692	8	7	3	1	9	1	4	1	1	1
A4_P6_693	10	8	6	5	7	7	10	5	1	1
A1_P5_694	5	1	9	10	4	9	6	3	9	10
A4_P6_695	10	8	6	1	1	1	1	4	1	1
A1_P5_696	1	1	1	10	7	1	7	1	1	3
A4_P6_697	10	9	8	1	9	1	1	1	1	1
A4_P9_698	9	9	7	10	9	6	10	9	6	5
A4_P7_699	10	1	6	5	4	2	1	5	1	6
A4_P6_700	10	10	10	10	10	10	10	1	1	1
A6_P3_701	8	8	8	8	10	8	1	8	8	8
A2_P2_702	9	4	7	2	4	3	5	4	5	3
A3_P9_703	7	10	9	7	7	7	9	7	7	7
A1_P4_704	1	1	7	9	1	7	4	7	6	4
A1_P5_705	1	1	1	7	7	1	7	1	9	1
A1_P5_706	1	7	5	7	5	1	7	1	1	5
A6_P3_707	1	1	10	1	10	1	1	1	1	1
A1_P5_708	1	1	9	10	2	5	9	1	1	10
A3_P6_709	5	5	5	5	6	5	5	5	1	5
A5_P6_710	10	8	8	7	9	7	8	7	7	1
A1_P6_711	8	10	9	10	9	9	5	8	7	1
A6_P3_712	10	1	10	10	10	1	1	10	6	10
A2_P2_713	8	7	7	7	7	7	8	8	7	7
A5_P1_714	1	1	1	1	1	1	9	1	1	9
A4_P2_715	9	1	5	1	9	6	9	1	1	5
A4_P3_716	9	1	8	1	7	1	1	5	1	6
A4_P6_717	10	3	4	5	5	6	3	7	1	1
A6_P3_718	8	1	6	5	9	5	3	6	9	9
A6_P7_719	10	10	1	10	10	1	1	1	1	10
A2_P2_720	10	1	1	1	1	1	1	1	1	1
A6_P9_721	10	10	5	9	10	5	10	5	10	10
A4_P2_722	9	1	9	1	1	1	7	1	5	5
A6_P1_723	1	1	6	1	10	3	8	1	9	1
A1_P5_724	1	1	1	10	1	1	1	1	1	9
A5_P4_725	1	1	10	8	1	8	1	6	5	8
A1_P5_726	4	1	7	10	6	6	7	3	7	1
A3_P4_727	8	10	9	1	1	6	1	1	7	1
A6_P5_728	6	6	8	7	6	7	7	5	5	6
A1_P5_729	1	6	7	9	9	3	10	1	8	10
A4_P5_730	1	6	6	9	1	9	6	7	3	5
A5_P6_731	7	5	9	4	6	5	3	3	2	3
A2_P8_732	1	1	3	1	1	3	1	1	1	10
A1_P6_733	6	5	9	8	8	9	2	3	4	2
A3_P9_734	1	10	9	1	1	1	1	1	1	1
A4_P6_735	10	10	10	7	1	7	1	1	1	1
A6_P8_736	9	7	7	1	8	9	8	1	6	9
A3_P6_737	9	10	10	5	10	10	6	5	7	6
A2_P8_738	7	7	9	7	7	8	7	7	7	10
A6_P3_739	1	1	8	1	10	1	1	1	1	1
A4_P6_740	9	6	7	7	8	6	7	5	5	3
A2_P4_741	2	1	8	1	1	1	1	1	10	1
A2_P6_742	6	8	8	7	6	9	5	7	5	5
A1_P5_743	3	2	9	10	4	1	9	1	8	3
A4_P6_744	10	9	10	9	9	6	9	10	8	8
A5_P9_745	8	10	1	1	7	1	6	1	1	5
A3_P9_746	3	9	2	3	6	1	1	3	1	1
A1_P3_747	8	4	9	9	10	3	6	2	1	6
A3_P9_748	1	9	8	1	9	1	8	1	1	1
A3_P4_749	6	10	10	1	1	10	10	1	6	4
A3_P9_750	5	9	7	5	5	1	7	1	1	1
A2_P4_751	7	1	10	4	4	8	10	3	10	5
A5_P6_752	10	10	10	9	10	9	10	10	8	9
A5_P1_753	1	1	8	1	5	1	10	1	1	1
A4_P3_754	8	1	4	1	7	1	1	10	5	1
A6_P6_755	5	7	9	5	10	9	1	1	1	1
A2_P6_756	10	7	10	5	10	10	3	5	1	3
A4_P6_757	10	3	10	4	5	10	2	10	6	1
A3_P6_758	8	8	9	7	6	6	1	8	1	1
A6_P9_759	7	6	7	1	7	1	9	6	1	1
A2_P9_760	10	8	4	5	8	1	9	10	1	1
A4_P6_761	6	6	8	7	6	6	9	9	1	1
A4_P6_762	8	8	8	7	8	6	9	7	3	6
A2_P2_763	7	6	9	6	6	8	10	4	3	3
A3_P8_764	8	10	6	1	8	9	10	1	1	9
A3_P1_765	1	9	9	1	9	8	8	1	7	8
A1_P3_766	10	1	1	1	10	10	1	1	1	1
A4_P2_767	8	1	8	1	1	1	1	1	1	1
A1_P9_768	9	8	10	6	9	1	8	6	10	1
A5_P8_769	1	1	1	1	8	1	1	1	1	9
A5_P7_770	3	1	1	1	1	1	1	1	1	5
A2_P1_771	1	1	9	1	1	1	7	1	6	10
A1_P4_772	8	8	10	8	8	9	4	7	9	9
A2_P8_773	8	1	8	1	8	3	9	6	1	10
A6_P1_774	1	1	8	1	1	1	8	1	8	1
A4_P8_775	10	10	6	4	4	4	10	4	1	10
A2_P3_776	10	1	1	1	9	8	8	9	7	7
A2_P3_777	1	8	9	1	10	1	1	10	1	9
A4_P7_778	10	7	7	6	1	6	5	7	7	8
A4_P8_779	8	8	8	7	7	9	8	9	8	10
A5_P1_780	1	1	10	1	1	1	10	1	1	1
A3_P9_781	1	10	1	1	1	1	5	1	7	1
A4_P2_782	9	7	7	3	3	2	6	3	5	7
A3_P7_783	10	10	1	10	1	1	1	1	1	10
A2_P4_784	1	5	5	1	1	1	1	4	5	1
A2_P4_785	1	10	9	1	1	8	5	1	3	1
A4_P4_786	8	8	10	8	8	10	10	8	10	10
A4_P6_787	10	8	7	1	6	1	1	6	1	1
A5_P2_788	9	1	7	1	1	5	9	1	3	1
A3_P9_789	1	10	1	1	1	1	6	1	3	1
A6_P4_790	6	3	10	6	6	7	5	5	7	8
A2_P9_791	7	7	7	1	9	6	9	1	1	1
A2_P1_792	2	3	10	7	10	1	7	1	1	1
A3_P6_793	6	5	7	7	6	7	7	6	1	1
A1_P7_794	1	6	1	6	9	1	1	1	1	10
A5_P3_795	10	1	1	1	10	5	1	1	1	1
A4_P4_796	9	6	10	6	6	10	2	6	10	6
A5_P2_797	10	8	9	4	4	1	8	1	6	1
A1_P6_798	1	2	9	5	6	7	2	3	1	1
A2_P7_799	8	8	8	8	8	7	1	8	7	9
A1_P2_800	9	1	8	10	1	1	6	1	1	1
A4_P2_801	10	1	10	1	1	6	4	1	1	1
A2_P3_802	10	1	1	9	10	1	1	1	1	1
A6_P1_803	1	1	7	1	8	4	8	1	1	4
A1_P5_804	3	3	9	9	3	3	9	3	3	3
A3_P3_805	1	1	1	1	7	1	1	1	1	1
A1_P7_806	5	7	4	8	3	7	3	7	5	10
A3_P6_807	6	10	8	8	9	1	1	5	1	2
A5_P7_808	10	10	9	10	8	10	9	10	9	9
A6_P3_809	10	1	8	10	10	8	6	1	6	1
A1_P1_810	1	1	10	1	8	1	7	5	9	1
A1_P8_811	9	1	7	1	1	1	1	1	1	9
A2_P4_812	1	7	10	7	1	10	1	1	1	1
A3_P3_813	8	1	10	1	6	4	1	1	3	1
A3_P9_814	4	10	4	4	10	4	10	4	4	4
A2_P8_815	10	8	9	7	10	10	6	5	3	10
A2_P9_816	9	9	8	7	6	5	9	8	4	4
A1_P3_817	1	1	5	8	8	5	1	1	1	1
A2_P3_818	10	1	1	1	7	1	1	8	1	1
A5_P2_819	7	4	6	1	5	6	7	1	4	6
A1_P5_820	1	1	6	10	1	1	10	1	7	1
A4_P9_821	9	10	1	1	8	1	10	1	1	1
A4_P2_822	10	1	1	1	1	1	1	1	1	1
A5_P1_823	3	4	6	3	9	10	8	4	5	7
A5_P1_824	3	4	9	4	6	7	9	4	7	8
A6_P1_825	1	1	9	1	1	1	8	1	1	1
A2_P2_826	10	1	5	1	10	5	9	8	7	1
A3_P6_827	1	10	10	1	10	10	1	1	1	1
A1_P5_828	1	1	8	10	9	1	8	1	1	10
A1_P7_829	4	9	4	10	1	2	1	2	2	7
A6_P1_830	1	1	10	1	5	1	1	1	7	10
A5_P7_831	6	1	1	1	1	1	1	10	1	1
A5_P3_832	6	1	7	5	4	1	1	1	1	1
A5_P3_833	5	1	9	1	5	8	1	3	1	3
A5_P4_834	1	1	3	2	1	2	1	1	1	1
A6_P7_835	5	6	5	5	2	1	2	6	1	6
A1_P5_836	2	6	6	10	8	3	7	5	3	5
A1_P2_837	5	4	9	3	1	1	9	1	1	1
A4_P6_838	7	9	9	1	9	8	7	1	1	1
A4_P7_839	10	9	1	7	1	1	1	9	1	1
A5_P8_840	9	7	8	7	9	10	6	1	7	9
A5_P4_841	7	7	10	1	8	9	1	1	9	1
A4_P8_842	1	4	1	1	1	1	8	1	4	10
A5_P8_843	7	4	7	4	4	7	2	4	4	10
A6_P1_844	1	1	8	1	8	1	8	1	1	1
A6_P3_845	5	3	10	3	10	1	5	3	10	1
A6_P1_846	5	5	9	1	8	1	9	5	10	10
A6_P2_847	8	1	8	1	8	1	8	1	1	1
A3_P9_848	1	10	1	1	1	1	1	1	1	1
A4_P2_849	10	1	5	1	1	5	8	1	1	5
A4_P6_850	9	8	10	1	7	10	10	7	1	1
A6_P6_851	10	10	10	1	10	10	10	10	1	1
A1_P3_852	1	1	1	1	8	1	1	1	1	1
A1_P5_853	7	8	10	8	7	5	9	5	8	8
A6_P9_854	9	10	6	8	10	10	10	9	10	10
A2_P4_855	1	1	10	1	1	1	1	10	1	1
A6_P1_856	1	1	7	1	9	1	8	1	9	1
A6_P1_857	1	1	8	1	1	1	8	1	1	1
A3_P6_858	9	10	6	1	6	1	1	1	1	1
A2_P1_859	1	1	9	1	1	1	9	1	1	1
A3_P6_860	9	9	8	9	7	9	7	9	3	1
A6_P3_861	8	1	8	1	8	1	1	1	1	1
A3_P9_862	1	10	10	1	7	1	4	1	5	5
A6_P1_863	1	1	10	1	10	1	10	1	10	10
A1_P3_864	9	1	5	1	10	3	1	1	1	1
A3_P9_865	1	10	1	1	1	1	1	1	1	1
A5_P2_866	10	10	10	1	10	5	10	1	10	1
A4_P3_867	1	5	9	1	6	1	1	8	1	5
A1_P5_868	1	1	6	10	7	7	1	1	10	1
A4_P2_869	10	3	6	3	3	3	9	5	3	5
A1_P5_870	1	1	2	10	1	1	8	1	9	9
A3_P6_871	6	7	8	1	6	6	1	1	1	4
A3_P9_872	5	10	1	1	5	1	1	5	1	5
A6_P3_873	6	1	1	1	10	1	1	1	1	1
A3_P6_874	6	6	8	6	8	8	1	2	1	5
A1_P3_875	5	6	8	7	8	6	4	3	8	2
A3_P4_876	1	8	10	1	4	9	1	1	10	1
A6_P1_877	1	1	10	1	9	8	8	1	9	10
A2_P2_878	8	1	10	1	3	10	10	4	6	3
A2_P8_879	3	6	8	7	5	4	2	7	2	9
A4_P1_880	6	2	9	5	7	8	10	3	10	1
A3_P6_881	6	9	9	1	1	1	1	1	1	1
A6_P1_882	4	1	10	1	1	4	10	1	10	4
A6_P6_883	7	6	10	1	1	1	1	1	1	1
A3_P6_884	3	6	7	6	7	6	3	1	1	1
A2_P3_885	5	1	7	1	9	5	1	7	1	1
A1_P1_886	1	4	10	3	1	1	7	1	4	1
A6_P6_887	6	6	10	6	8	10	1	1	1	1
A3_P9_888	5	10	1	1	1	1	8	1	4	1
A5_P8_889	7	1	6	1	1	5	1	1	1	8
A4_P6_890	9	9	10	2	9	9	10	9	3	2
A6_P8_891	8	7	9	7	7	8	10	7	1	9
A6_P2_892	9	8	1	1	1	9	9	1	5	1
A6_P3_893	1	1	1	1	8	1	3	8	1	8
A3_P9_894	1	10	1	1	8	9	1	1	1	1
A2_P6_895	9	6	7	7	9	4	4	7	1	1
A2_P5_896	6	1	5	6	6	5	7	6	7	10
A5_P3_897	7	1	7	1	9	7	6	3	8	1
A4_P2_898	10	1	1	1	1	1	6	1	6	1
A2_P9_899	1	10	1	1	10	1	1	1	1	10
A5_P1_900	1	1	9	3	1	1	10	1	6	1
A1_P5_901	8	7	9	9	8	6	9	8	7	9
A2_P9_902	1	8	9	1	1	1	1	1	1	1
A1_P5_903	5	6	7	10	1	1	10	1	10	1
A1_P5_904	1	1	1	10	1	1	5	1	1	7
A5_P3_905	10	1	1	9	10	2	5	5	1	1
A3_P6_906	9	10	5	9	10	4	1	9	2	3
A2_P4_907	1	1	1	1	6	8	5	6	10	1
A2_P8_908	7	7	6	2	7	7	5	7	4	7
A1_P8_909	1	1	9	1	3	6	1	1	1	8
A4_P2_910	5	5	9	5	5	5	10	5	1	1
A5_P1_911	1	1	10	1	8	4	6	1	4	1
A1_P7_912	8	1	1	6	2	7	8	10	2	6
A4_P6_913	8	7	10	1	8	7	5	8	1	1
A4_P7_914	7	6	2	7	6	3	1	6	6	7
A5_P1_915	1	1	5	1	1	1	5	1	5	1
A3_P9_916	1	9	1	1	7	1	1	8	1	1
A5_P6_917	6	8	7	1	10	1	1	9	1	1
A1_P7_918	6	6	5	10	1	1	1	1	1	8
A2_P2_919	9	1	9	1	1	8	10	10	1	1
A3_P9_920	1	10	1	1	1	1	1	1	1	1
A5_P8_921	1	4	1	1	1	1	1	1	8	9
A1_P5_922	1	1	7	9	3	5	1	1	7	8
A5_P6_923	10	6	8	6	8	4	1	6	2	1
A4_P2_924	10	1	8	1	1	1	8	1	1	1
A2_P7_925	7	7	7	7	7	7	7	8	7	7
A5_P4_926	8	8	10	8	8	10	9	9	10	8
A1_P3_927	1	1	1	3	10	1	1	1	1	10
A5_P6_928	5	5	8	5	5	5	8	5	1	1
A3_P9_929	1	10	4	1	7	2	1	1	1	1
A3_P6_930	7	7	7	6	7	6	5	6	6	1
A4_P2_931	10	1	7	1	6	1	9	1	1	7
A5_P2_932	4	1	7	1	1	1	7	1	1	1
A3_P7_933	10	10	10	10	10	10	8	10	8	10
A5_P4_934	3	1	9	3	1	1	5	1	8	10
A3_P1_935	6	8	8	1	9	8	9	1	9	1
A5_P1_936	1	1	9	1	1	1	9	1	1	1
A3_P2_937	6	1	2	6	5	2	6	1	1	1
A6_P6_938	7	7	8	1	7	1	1	1	1	1
A3_P8_939	6	10	9	1	9	8	5	6	8	10
A3_P9_940	1	10	1	1	1	1	10	1	1	1
A3_P6_941	8	8	5	5	10	1	1	5	1	1
A6_P3_942	8	1	8	1	10	1	1	1	1	9
A3_P9_943	1	10	9	8	8	1	1	1	1	1
A5_P3_944	1	1	9	1	9	1	1	1	1	1
A3_P6_945	7	7	7	6	6	6	6	7	1	5
A3_P9_946	1	10	8	1	4	6	7	1	7	1
A2_P6_947	9	7	7	8	10	10	1	8	1	1
A2_P3_948	7	1	10	1	9	1	1	8	1	1
A3_P6_949	4	6	9	5	1	4	1	4	1	1
A2_P6_950	8	6	8	7	6	8	3	9	1	3
A4_P2_951	7	5	8	1	1	1	10	1	1	1
A3_P7_952	10	7	4	6	9	3	1	5	1	4
A4_P6_953	1	7	9	1	10	7	1	1	5	1
A3_P6_954	9	8	8	8	9	8	6	9	1	8
A5_P3_955	10	1	10	1	9	9	1	1	1	1
A1_P5_956	1	6	6	7	1	5	5	1	3	4
A4_P6_957	9	7	8	1	9	7	2	10	2	2
A6_P3_958	10	10	10	1	10	10	1	10	10	10
A3_P4_959	3	10	10	5	5	10	10	5	7	4
A4_P8_960	9	8	9	8	9	9	4	9	1	9
A4_P2_961	10	3	1	1	1	4	8	1	1	1
A4_P2_962	5	1	5	1	1	5	1	1	1	1
A5_P2_963	10	1	8	5	1	6	9	1	7	8
A6_P1_964	1	1	1	1	9	9	9	1	9	1
A5_P1_965	1	1	10	1	1	1	4	1	1	1
A3_P9_966	5	8	5	5	5	4	7	5	3	5
A3_P9_967	1	9	1	1	1	1	1	1	1	1
A2_P6_968	9	9	9	6	9	8	8	8	8	7
A3_P6_969	5	10	7	6	8	6	3	1	1	4
A4_P2_970	10	5	5	5	5	5	7	5	5	5
A3_P1_971	2	1	7	5	2	8	9	6	6	10
A6_P2_972	10	5	6	7	8	4	10	1	1	7
A2_P6_973	7	6	9	1	10	4	8	5	1	1
A1_P4_974	1	1	10	7	1	9	8	1	6	1
A3_P1_975	4	6	7	6	6	5	9	6	8	7
A6_P1_976	1	1	1	1	1	1	5	1	1	1
A6_P1_977	1	1	1	1	7	1	9	1	1	1
A5_P1_978	3	5	10	5	3	9	10	5	1	6
A2_P6_979	7	7	7	7	7	1	1	1	1	1
A6_P7_980	6	6	6	7	8	6	1	6	6	8
A2_P2_981	7	1	10	1	7	1	8	7	8	1
A3_P3_982	10	5	9	3	9	6	5	1	5	7
A2_P7_983	1	1	1	1	1	1	1	8	1	1
A3_P6_984	1	9	9	1	4	1	1	9	1	1
A1_P7_985	9	1	1	9	1	8	4	4	1	9
A1_P5_986	1	1	8	8	6	1	7	1	7	10
A1_P5_987	7	7	9	9	4	6	6	7	7	7
A1_P6_988	1	8	8	6	6	7	1	1	1	1
A3_P9_989	6	8	1	2	5	1	1	1	1	3
A3_P9_990	6	9	6	4	9	2	1	1	1	6
A5_P4_991	3	2	7	3	1	7	7	3	6	7
A4_P6_992	8	8	10	8	10	9	1	1	1	1
A1_P5_993	1	1	1	10	1	5	1	1	7	8
A5_P8_994	1	1	5	1	1	4	1	1	1	4
A2_P1_995	1	2	10	5	9	1	8	10	4	3
A6_P9_996	3	10	10	1	10	6	8	2	10	1
A2_P2_997	7	1	10	1	1	7	7	1	1	4
A5_P4_998	5	6	8	2	1	10	4	5	5	5
A2_P4_999	8	2	8	5	2	10	10	4	10	10
A2_P3_1000	6	7	10	6	9	7	5	8	9	8
A1_P9_1001	8	10	1	1	1	1	1	1	1	1
A5_P6_1002	5	5	10	5	5	10	1	10	1	1
A6_P1_1003	1	1	8	1	9	8	8	1	8	7
A5_P2_1004	6	1	7	6	3	3	6	1	1	1
A1_P1_1005	1	6	9	6	6	5	10	6	8	8
A6_P6_1006	6	6	6	6	6	6	1	6	1	1
A4_P9_1007	8	10	5	5	10	4	5	5	4	1
A4_P1_1008	1	1	8	1	8	1	6	1	1	4
A4_P2_1009	10	5	8	5	8	8	10	5	9	10
A5_P4_1010	1	8	8	1	1	8	9	1	7	6
A4_P2_1011	10	9	8	5	6	8	10	4	5	4
A1_P7_1012	7	7	5	5	3	5	1	5	1	7
A6_P6_1013	10	8	8	10	10	5	5	5	1	1
A2_P6_1014	7	9	8	6	9	3	5	7	3	1
A1_P4_1015	4	3	9	5	3	2	3	9	3	5
A2_P8_1016	9	9	10	9	9	7	10	9	1	10
A1_P7_1017	1	1	1	10	8	1	1	7	1	10
A3_P6_1018	9	10	10	8	10	10	10	9	8	8
A4_P6_1019	5	5	5	1	5	5	1	5	1	1
A2_P4_1020	7	4	9	3	6	6	7	8	8	7
A4_P2_1021	10	1	10	1	1	1	10	1	10	1
A3_P8_1022	10	1	7	9	7	10	4	1	1	10
A2_P7_1023	10	1	6	10	1	4	4	1	3	7
A6_P4_1024	1	1	8	1	1	1	1	1	1	1
A4_P2_1025	7	1	6	1	1	1	1	1	1	1
A3_P4_1026	10	10	10	10	1	10	10	1	9	10
A2_P3_1027	1	1	1	2	10	1	1	9	1	7
A3_P7_1028	9	10	10	9	9	10	1	9	9	9
A6_P3_1029	1	1	10	1	8	1	1	1	1	1
A2_P6_1030	8	10	10	1	8	10	1	10	1	1
A3_P8_1031	1	10	10	1	10	7	1	1	5	10
A1_P5_1032	1	1	9	9	1	1	4	1	1	10
A1_P4_1033	1	1	8	4	1	2	2	6	10	5
A4_P5_1034	10	1	6	10	1	1	7	1	1	9
A2_P5_1035	10	8	9	10	1	8	8	1	9	10
A4_P4_1036	1	1	10	1	1	1	1	1	1	1
A4_P6_1037	10	1	5	1	5	5	1	7	1	1
A1_P5_1038	1	1	1	10	1	9	8	1	1	1
A4_P2_1039	10	5	7	1	7	1	7	3	1	1
A4_P6_1040	10	8	9	10	8	7	1	8	4	4
A1_P3_1041	1	1	10	10	10	10	1	1	1	1
A2_P6_1042	9	8	10	7	9	6	4	9	5	1
A1_P5_1043	6	6	5	10	8	1	7	1	3	10
A2_P4_1044	4	8	9	2	3	7	10	5	6	1
A2_P3_1045	8	1	5	1	10	1	5	7	1	5
A2_P6_1046	10	7	8	1	7	7	1	7	2	1
A2_P6_1047	9	10	6	8	2	3	4	8	1	1
A3_P7_1048	10	10	1	8	8	1	1	8	1	1
A1_P1_1049	1	1	9	9	9	9	10	1	9	1
A4_P2_1050	10	1	9	1	1	7	8	1	8	8
A2_P7_1051	9	6	7	8	5	9	5	10	9	10
A1_P5_1052	7	6	9	9	9	6	10	7	6	8
A2_P2_1053	10	5	4	6	6	9	5	3	10	6
A3_P1_1054	4	7	7	7	8	8	9	3	8	7
A6_P3_1055	6	1	10	1	10	6	5	5	4	6
A3_P6_1056	9	10	9	8	8	10	8	8	6	5
A3_P9_1057	5	10	5	1	5	1	7	1	1	9
A2_P1_1058	3	1	8	1	1	1	10	7	1	1
A6_P1_1059	1	1	9	1	1	1	8	1	1	1
A3_P2_1060	9	5	1	1	8	9	7	1	1	1
A3_P6_1061	9	10	6	8	9	1	1	5	1	1
A5_P2_1062	7	1	1	1	7	4	6	1	1	3
A4_P6_1063	8	5	8	2	8	5	5	2	2	2
A2_P1_1064	8	8	10	8	8	8	10	8	7	8
A3_P3_1065	8	1	1	5	8	1	1	4	1	1
A5_P3_1066	10	5	8	7	9	9	6	6	5	7
A2_P6_1067	7	8	9	1	9	1	1	8	1	1
A4_P7_1068	8	6	2	8	8	3	2	5	2	3
A4_P2_1069	10	1	1	1	1	1	1	1	1	1
A6_P3_1070	8	1	8	1	5	1	1	1	1	1
A6_P1_1071	1	1	10	1	10	1	10	1	1	1
A6_P7_1072	9	1	10	10	5	1	1	1	1	10
A5_P6_1073	8	8	10	1	9	1	1	1	1	1
A6_P5_1074	5	6	5	7	8	5	10	1	1	6
A6_P9_1075	9	7	5	5	9	5	10	9	5	5
A6_P2_1076	10	1	1	1	5	1	6	1	10	1
A5_P9_1077	5	6	7	2	5	5	7	1	1	1
A6_P2_1078	9	6	7	3	5	1	6	5	7	1
A1_P5_1079	1	1	5	9	2	1	5	1	7	4
A2_P4_1080	6	5	10	1	1	9	5	1	1	1
A3_P4_1081	3	9	9	5	1	9	9	1	6	7
A5_P4_1082	2	3	9	3	2	8	9	1	10	1
A1_P5_1083	1	1	9	9	5	6	1	1	1	10
A2_P9_1084	10	10	10	1	10	1	10	10	10	1
A1_P3_1085	1	1	9	1	10	1	1	1	1	1
A3_P9_1086	5	10	7	3	6	6	9	4	7	7
A5_P9_1087	1	10	10	1	1	1	1	1	1	1
A1_P5_1088	1	1	9	5	1	1	7	1	7	10
A3_P4_1089	1	1	7	1	1	1	1	1	1	1
A1_P5_1090	1	1	1	9	8	1	1	1	1	10
A5_P6_1091	10	6	8	1	10	5	1	7	1	4
A2_P6_1092	7	8	6	1	9	5	7	10	1	1
A6_P3_1093	6	1	4	5	9	8	9	4	1	1
A5_P1_1094	1	1	9	1	1	1	9	1	1	1
A1_P1_1095	5	5	7	6	7	7	10	6	8	10
A3_P4_1096	6	8	6	6	8	10	8	6	10	7
A4_P2_1097	10	5	1	1	1	1	5	1	1	1
A2_P7_1098	10	1	1	1	1	1	1	1	1	7
A1_P1_1099	1	1	7	1	1	1	8	1	8	1
A4_P2_1100	10	2	10	5	9	10	10	4	2	3
A3_P2_1101	10	1	1	1	1	1	1	1	1	1
A3_P8_1102	7	8	1	1	1	9	5	8	1	10
A3_P4_1103	1	1	10	1	1	1	1	1	10	1
A3_P2_1104	9	9	9	1	9	9	9	1	9	9
A4_P4_1105	8	1	9	10	1	9	1	10	8	1
A2_P6_1106	10	8	9	6	10	9	4	10	4	4
A5_P2_1107	7	1	8	2	1	1	8	1	8	1
A5_P6_1108	8	5	5	1	6	5	1	6	1	1
A2_P3_1109	10	1	1	1	9	1	1	9	1	1
A2_P9_1110	1	10	1	5	5	5	1	1	5	5
A3_P3_1111	10	1	10	10	10	1	1	10	10	10
A2_P4_1112	9	8	9	9	5	8	10	8	9	9
A4_P2_1113	7	5	5	5	5	5	6	5	6	5
A4_P7_1114	10	5	8	7	4	7	2	4	7	7
A3_P9_1115	1	10	8	1	1	1	5	1	1	1
A5_P8_1116	4	9	9	6	4	3	5	1	2	7
A2_P3_1117	1	1	1	1	3	1	1	2	1	1
A2_P2_1118	9	1	9	1	9	9	9	9	1	1
A2_P1_1119	10	1	10	6	8	10	10	1	10	10
A2_P1_1120	1	1	10	1	1	9	9	1	1	1
A2_P6_1121	7	7	10	6	1	10	1	7	1	1
A3_P6_1122	5	5	5	1	1	1	1	1	1	1
A6_P2_1123	7	7	10	1	6	1	10	6	1	8
